0 0.34340456890198967 0.37254901960784315 0.3470891672807664 0.40413943355119825 0.33824613117170227 0.41721132897603486 0.3375092114959469 0.4324618736383442 0.3426676492262343 0.45098039215686275 0.3338246131171702 0.46187363834422657 0.33456153279292555 0.47058823529411764 0.3389830508474576 0.4749455337690632 0.3404568901989683 0.49019607843137253 0.33456153279292555 0.49782135076252726 0.3367722918201916 0.5054466230936819 0.33456153279292555 0.5065359477124183 0.33308769344141487 0.5762527233115469 0.3264554163596168 0.5893246187363834 0.3168754605747974 0.5915032679738562 0.3198231392778187 0.5947712418300654 0.32056005895357403 0.6056644880174292 0.33971997052321296 0.6056644880174292 0.34340456890198967 0.6132897603485838 0.3404568901989683 0.6285403050108932 0.341930729550479 0.6437908496732027 0.33308769344141487 0.6535947712418301 0.3301400147383935 0.6677559912854031 0.3323507737656595 0.6786492374727668 0.33456153279292555 0.6808278867102396 0.33971997052321296 0.6764705882352942 0.3470891672807664 0.681917211328976 0.3507737656595431 0.6884531590413944 0.3559322033898305 0.7178649237472767 0.36330140014738393 0.724400871459695 0.38761974944731026 0.7233115468409586 0.3971997052321297 0.7156862745098039 0.40825350036845987 0.7189542483660131 0.41783345615327927 0.7276688453159041 0.42907148120854827 0.7211328976034859 0.449521002210759 0.724400871459695 0.45025792188651437 0.673202614379085 0.4627855563743552 0.6612200435729847 0.47310243183493 0.6666666666666666 0.47383935151068535 0.6786492374727668 0.47752394988946206 0.6808278867102396 0.47899778924097275 0.696078431372549 0.48415622697126015 0.7047930283224401 0.48563006632277084 0.6459694989106753 0.48784082535003687 0.6372549019607843 0.4937361827560796 0.6318082788671024 0.496683861459101 0.5925925925925926 0.49447310243183495 0.33769063180827885 0.48931466470154755 0.3104575163398693 0.4900515843773029 0.2908496732026144 0.48268238761974946 0.28322440087145967 0.48047162859248344 0.2690631808278867 0.46720707442888726 0.24727668845315903 0.4392041267501842 0.2549019607843137 0.43109801031687545 0.26143790849673204 0.43109801031687545 0.275599128540305 0.4252026529108327 0.28104575163398693 0.42078113485630064 0.2788671023965142 0.41414885777450255 0.29193899782135074 0.4119380987472365 0.3366013071895425 0.3647752394988946 0.35947712418300654 0.3485630066322771 0.3616557734204793
1 0.49078850405305824 0.2875816993464052 0.4974207811348563 0.7734204793028322 0.49963154016212236 0.7788671023965141 0.5047899778924098 0.7799564270152506 0.5114222549742078 0.775599128540305 0.5070007369196757 0.6917211328976035 0.5062638172439204 0.5294117647058824 0.5018422991893884 0.42592592592592593 0.5047899778924098 0.3485838779956427 0.4974207811348563 0.3093681917211329 0.49815770081061167 0.29302832244008714
0 0.4745762711864407 0.2374727668845316 0.47310243183493 0.24183006535947713 0.4760501105379514 0.25163398692810457 0.48415622697126015 0.2668845315904139 0.5033161385408991 0.39215686274509803 0.5084745762711864 0.6241830065359477 0.5114222549742078 0.6339869281045751 0.522476050110538 0.630718954248366 0.5283714075165807 0.6405228758169934 0.5276344878408253 0.6655773420479303 0.5254237288135594 0.6677559912854031 0.52689756816507 0.6938997821350763 0.522476050110538 0.6993464052287581 0.5298452468680914 0.7189542483660131 0.5401621223286662 0.7178649237472767 0.5497420781134856 0.7113289760348583 0.5519528371407516 0.696078431372549 0.5571112748710391 0.5337690631808278 0.5644804716285925 0.5076252723311547 0.5556374355195284 0.4684095860566449 0.5615327929255711 0.3801742919389978 0.5615327929255711 0.3627450980392157 0.559322033898305 0.3616557734204793 0.5615327929255711 0.3311546840958606 0.5504789977892409 0.3235294117647059 0.5504789977892409 0.332244008714597 0.5423728813559322 0.3366013071895425 0.529108327192336 0.3289760348583878 0.5254237288135594 0.31917211328976036 0.52689756816507 0.29193899782135074 0.5180545320560059 0.2908496732026144 0.5158437730287398 0.28104575163398693 0.5187914517317612 0.275599128540305 0.5070007369196757 0.2647058823529412 0.5077376565954311 0.26143790849673204 0.4885777450257922 0.2374727668845316
0 0.5703758290346352 0.4117647058823529 0.5740604274134119 0.42919389978213507 0.5725865880619012 0.4422657952069717 0.5703758290346352 0.4422657952069717 0.5696389093588798 0.4989106753812636 0.5659543109801032 0.514161220043573 0.5696389093588798 0.5348583877995643 0.5696389093588798 0.6394335511982571 0.5666912306558585 0.6710239651416122 0.5674281503316139 0.7091503267973857 0.5718496683861459 0.7113289760348583 0.6079587324981577 0.6917211328976035 0.6131171702284451 0.6677559912854031 0.6226971260132645 0.6535947712418301 0.6271186440677966 0.6132897603485838 0.6484893146647015 0.5675381263616558 0.6448047162859248 0.5544662309368191 0.6514369933677229 0.5337690631808278 0.6507000736919676 0.528322440087146 0.6448047162859248 0.5272331154684096 0.6396462785556374 0.4989106753812636 0.6374355195283714 0.41612200435729846 0.6234340456890199 0.4106753812636166 0.6226971260132645 0.40305010893246185 0.6182756079587325 0.40631808278867104 0.606484893146647 0.4019607843137255 0.5939572586588062 0.4084967320261438 0.5851142225497421 0.39324618736383443 0.5792188651436994 0.39215686274509803 0.5740604274134119 0.3954248366013072
0 0.22328666175386883 0.3300653594771242 0.22328666175386883 0.33769063180827885 0.2313927781871776 0.3464052287581699 0.23434045689019897 0.37254901960784315 0.2328666175386883 0.39106753812636164 0.22697126013264554 0.40305010893246185 0.2247605011053795 0.420479302832244 0.2262343404568902 0.4477124183006536 0.22328666175386883 0.4738562091503268 0.21739130434782608 0.4880174291938998 0.21149594694178334 0.599128540305011 0.23507737656595432 0.6154684095860566 0.22770817980840088 0.6949891067538126 0.2380250552689757 0.7026143790849673 0.2520265291083272 0.7015250544662309 0.2557111274871039 0.7037037037037037 0.2557111274871039 0.7091503267973857 0.27192336035372144 0.7113289760348583 0.2748710390567428 0.6895424836601307 0.3021370670596905 0.7004357298474946 0.3021370670596905 0.710239651416122 0.3072955047899779 0.7178649237472767 0.3176123802505527 0.7113289760348583 0.32277081798084006 0.6993464052287581 0.3220338983050847 0.6884531590413944 0.3301400147383935 0.6808278867102396 0.3301400147383935 0.6557734204793029 0.33603537214443624 0.6514161220043573 0.3352984524686809 0.6350762527233116 0.3389830508474576 0.6263616557734205 0.33603537214443624 0.6122004357298475 0.3316138540899042 0.6078431372549019 0.3316138540899042 0.4084967320261438 0.33456153279292555 0.4008714596949891 0.33308769344141487 0.2581699346405229 0.3168754605747974 0.2581699346405229 0.30434782608695654 0.27124183006535946 0.2792925571112749 0.275599128540305 0.26529108327192336 0.2886710239651416 0.26381724392041267 0.30501089324618735 0.24023581429624172 0.3137254901960784
0 0.08916728076639646 0.5228758169934641 0.08843036109064112 0.5261437908496732 0.09579955784819455 0.5315904139433552 0.14812085482682388 0.5108932461873639 0.14075165806927045 0.5065359477124183 0.13780397936624908 0.5119825708061002
1 0.4392041267501842 0.210239651416122 0.43773028739867353 0.21568627450980393 0.43994104642593956 0.22004357298474944 0.46499631540162123 0.23638344226579522 0.47899778924097275 0.2636165577342048 0.4561532792925571 0.2037037037037037 0.44804716285924834 0.20261437908496732
0 0.636698599852616 0.5348583877995643 0.6403831982313928 0.5806100217864923 0.6352247605011054 0.6350762527233116 0.636698599852616 0.6383442265795207 0.6551215917464996 0.6383442265795207 0.6610169491525424 0.6318082788671024 0.6624907885040531 0.5980392156862745 0.660280029476787 0.5697167755991286 0.6632277081798084 0.5610021786492375 0.6610169491525424 0.5501089324618736 0.6639646278555638 0.5424836601307189 0.6617538688282977 0.4950980392156863 0.664701547531319 0.47167755991285404 0.6573323507737656 0.4400871459694989 0.6448047162859248 0.4226579520697168 0.6425939572586588 0.4226579520697168 0.6411201179071481 0.43137254901960786 0.6418570375829035 0.49019607843137253
1 0.5556374355195284 0.599128540305011 0.5534266764922623 0.7647058823529411 0.5615327929255711 0.7679738562091504 0.5659543109801032 0.7636165577342048 0.5681650700073692 0.6459694989106753 0.5703758290346352 0.39324618736383443 0.5674281503316139 0.31808278867102396 0.5630066322770818 0.3311546840958606 0.5630066322770818 0.39869281045751637 0.5585851142225498 0.4803921568627451 0.5615327929255711 0.5065359477124183 0.5585851142225498 0.5185185185185185
1 0.16285924834193072 0.5021786492374728 0.1643330876934414 0.5261437908496732 0.15991156963890935 0.6100217864923747 0.1503316138540899 0.7156862745098039 0.15106853352984526 0.7233115468409586 0.15401621223286663 0.724400871459695 0.15991156963890935 0.7189542483660131 0.16728076639646278 0.6361655773420479 0.17317612380250552 0.4803921568627451 0.17170228445099484 0.4596949891067538 0.16875460574797346 0.4673202614379085 0.16801768607221812 0.49455337690631807
1 0.04642593957258659 0.3888888888888889 0.051584377302873984 0.3888888888888889 0.05747973470891673 0.40413943355119825 0.05305821665438467 0.4226579520697168 0.05379513633014001 0.4335511982570806 0.056742815033161385 0.4335511982570806 0.06411201179071481 0.39324618736383443 0.050110537951363304 0.3867102396514161
1 0.03831982313927782 0.5032679738562091 0.03537214443625645 0.55119825708061 0.025792188651436992 0.6023965141612201 0.032424465733235076 0.6023965141612201 0.03537214443625645 0.5947712418300654 0.040530582166543844 0.5533769063180828 0.04937361827560796 0.5163398692810458 0.05084745762711865 0.48148148148148145 0.05747973470891673 0.4531590413943355 0.054532056005895356 0.43681917211328974 0.04716285924834193 0.4542483660130719
1 0.8305084745762712 0.4596949891067538 0.8305084745762712 0.4651416122004357 0.8614591009579956 0.4596949891067538 0.8570375829034635 0.4553376906318083
1 0.8658806190125277 0.4553376906318083 0.8703021370670597 0.485838779956427 0.868828297715549 0.5392156862745098 0.8732498157700811 0.5413943355119826 0.8776713338246132 0.5566448801742919 0.8784082535003684 0.5871459694989106 0.8835666912306559 0.6154684095860566 0.8901989683124539 0.6209150326797386 0.871039056742815 0.4553376906318083