0 0.0029476787030213707 0.2962962962962963 0.002210759027266028 0.3202614379084967 0 0.3224400871459695 0 0.5827886710239651 0.0036845983787767134 0.5860566448801743 0.008106116433308769 0.5827886710239651 0.018422991893883568 0.593681917211329 0.027266028002947678 0.5947712418300654 0.028739867354458364 0.6230936819172114 0.025792188651436992 0.6318082788671024 0.018422991893883568 0.6339869281045751 0.026529108327192335 0.6470588235294118 0.017686072218128224 0.6742919389978214 0.02431834929992631 0.6753812636165577 0.023581429624170966 0.690631808278867 0.0036845983787767134 0.6949891067538126 0 0.6993464052287581 0.0036845983787767134 0.7047930283224401 0.0036845983787767134 0.7211328976034859 0 0.7254901960784313 0 0.8562091503267973 0.0058953574060427415 0.8583877995642701 0.027266028002947678 0.8518518518518519 0.03389830508474576 0.8616557734204793 0.03537214443625645 0.8943355119825708 0.03316138540899042 0.9084967320261438 0.027266028002947678 0.9161220043572985 0.02800294767870302 0.9215686274509803 0.06190125276344879 0.9193899782135077 0.236551215917465 0.8758169934640523 0.27192336035372144 0.8747276688453159 0.28371407516580693 0.8671023965141612 0.29108327192336036 0.8061002178649237 0.2947678703021371 0.8028322440087146 0.2918201915991157 0.7973856209150327 0.29403095062638174 0.7309368191721133 0.29771554900515845 0.7233115468409586 0.2947678703021371 0.6949891067538126 0.30287398673544585 0.6623093681917211 0.30434782608695654 0.6263616557734205 0.30803242446573326 0.6089324618736384 0.344141488577745 0.5958605664488017 0.3522476050110538 0.5980392156862745 0.3610906411201179 0.5871459694989106 0.36551215917464996 0.5740740740740741 0.3691967575534267 0.5152505446623094 0.36551215917464996 0.4912854030501089 0.3728813559322034 0.4803921568627451 0.369933677229182 0.4542483660130719 0.38540899042004423 0.35185185185185186 0.3883566691230656 0.3485838779956427 0.3971997052321297 0.30718954248366015 0.3964627855563744 0.2657952069716776 0.4016212232866618 0.24618736383442266 0.3986735445836404 0.22875816993464052 0.4001473839351511 0.2167755991285403 0.3971997052321297 0.21241830065359477 0.4016212232866618 0.19498910675381265 0.4001473839351511 0.1710239651416122 0.41267501842299187 0.14161220043572983 0.41562269712601324 0.07516339869281045 0.41930729550478996 0.054466230936819175 0.4200442151805453 0 0.0950626381724392 0 0.10464259395725865 0.00980392156862745 0.10832719233603537 0.02178649237472767 0.10832719233603537 0.04139433551198257 0.09874723655121592 0.05664488017429194 0.07000736919675755 0.05991285403050109 0.0552689756816507 0.07080610021786492 0.0552689756816507 0.20588235294117646 0.05232129697862933 0.22113289760348584 0.01400147383935151 0.2233115468409586
0 0.38909358879882094 0.4411764705882353 0.38909358879882094 0.5163398692810458 0.3846720707442889 0.5337690631808278 0.3817243920412675 0.5871459694989106 0.3831982313927782 0.6023965141612201 0.38761974944731026 0.6056644880174292 0.38909358879882094 0.6154684095860566 0.3971997052321297 0.6318082788671024 0.39572586588061903 0.664488017429194 0.39941046425939575 0.664488017429194 0.40309506263817246 0.6993464052287581 0.4097273397199705 0.7167755991285403 0.5320560058953574 0.7461873638344226 0.5453205600589536 0.7461873638344226 0.5932203389830508 0.761437908496732 0.6035372144436256 0.7559912854030502 0.6028002947678703 0.7418300653594772 0.6138540899042004 0.7374727668845316 0.6153279292557111 0.7309368191721133 0.6337509211495947 0.7374727668845316 0.6440677966101694 0.7331154684095861 0.6470154753131908 0.738562091503268 0.6573323507737656 0.7407407407407407 0.6868091378039793 0.738562091503268 0.68828297715549 0.7450980392156863 0.6897568165070007 0.7418300653594772 0.6993367722918202 0.7450980392156863 0.7030213706705969 0.7200435729847494 0.7207074428887251 0.7167755991285403 0.7310243183492999 0.724400871459695 0.7450257921886514 0.7265795206971678 0.7546057479734709 0.7233115468409586 0.7531319086219602 0.7026143790849673 0.7627118644067796 0.6830065359477124 0.7627118644067796 0.6677559912854031 0.7546057479734709 0.6525054466230937 0.7546057479734709 0.6416122004357299 0.759027266028003 0.6328976034858388 0.7568165070007369 0.6241830065359477 0.7700810611643331 0.6089324618736384 0.763448784082535 0.46405228758169936 0.7582903463522476 0.4400871459694989 0.7619749447310243 0.42810457516339867 0.7479734708916728 0.31917211328976036 0.74207811348563 0.3082788671023965 0.7361827560795873 0.3093681917211329 0.735445836403832 0.3159041394335512 0.7288135593220338 0.31808278867102396 0.7059690493736183 0.2908496732026144 0.6956521739130435 0.29193899782135074 0.6927044952100221 0.275599128540305 0.6941783345615328 0.2679738562091503 0.686072218128224 0.25272331154684097 0.6543846720707442 0.22875816993464052 0.6389093588798821 0.24509803921568626 0.636698599852616 0.2374727668845316 0.6256448047162859 0.23638344226579522 0.6160648489314665 0.2222222222222222 0.6116433308769345 0.22875816993464052 0.6086956521739131 0.2581699346405229 0.599852616064849 0.25054466230936817 0.5991156963890936 0.2298474945533769 0.5924834193072955 0.21459694989106753 0.5961680176860722 0.19716775599128541 0.6020633750921149 0.19281045751633988 0.5983787767133383 0.17647058823529413 0.5954310980103169 0.17647058823529413 0.5843773028739867 0.19716775599128541 0.45541635961680177 0.3235294117647059 0.4392041267501842 0.3333333333333333 0.43625644804716285 0.340958605664488 0.40825350036845987 0.369281045751634 0.4016212232866618 0.39651416122004357 0.39425202652910835 0.4117647058823529 0.393515106853353 0.42810457516339867
0 0.759027266028003 0.3681917211328976 0.7575534266764923 0.37254901960784315 0.7663964627855564 0.4324618736383442 0.763448784082535 0.43899782135076254 0.7649226234340457 0.4912854030501089 0.7693441414885778 0.5043572984749455 0.765659543109801 0.5119825708061002 0.7649226234340457 0.5250544662309368 0.7722918201915991 0.5631808278867102 0.7818717759764185 0.5708061002178649 0.7966101694915254 0.5718954248366013 0.8607221812822402 0.6568627450980392 0.8621960206337509 0.6721132897603486 0.8732498157700811 0.6742919389978214 0.8739867354458364 0.6677559912854031 0.871039056742815 0.6633986928104575 0.8813559322033898 0.6492374727668845 0.8916728076639646 0.6459694989106753 0.9042004421518055 0.6230936819172114 0.8997789240972734 0.5871459694989106 0.9027266028002948 0.5740740740740741 0.8983050847457628 0.5620915032679739 0.9005158437730287 0.5566448801742919 0.8997789240972734 0.5217864923747276 0.89240972733972 0.48474945533769065 0.8938835666912307 0.47276688453159044 0.8828297715549005 0.40631808278867104 0.8828297715549005 0.39106753812636164 0.8327192336035372 0.3453159041394335 0.8157700810611643 0.3474945533769063
1 0.39793662490788506 0.20588235294117646 0.3971997052321297 0.2821350762527233 0.40088430361090643 0.2788671023965142 0.40604274134119384 0.20915032679738563 0.40456890198968315 0.18736383442265794 0.4001473839351511 0.1895424836601307
1 0.3456153279292557 0.8344226579520697 0.34487840825350036 0.8518518518518519 0.3470891672807664 0.855119825708061 0.35666912306558585 0.855119825708061 0.36330140014738393 0.8496732026143791 0.37582903463522477 0.6623093681917211 0.3743551952837141 0.6437908496732027 0.3802505526897568 0.6187363834422658 0.37877671333824614 0.6034858387799564 0.3846720707442889 0.5087145969498911 0.3898305084745763 0.4749455337690632 0.4001473839351511 0.28431372549019607 0.3949889462048637 0.29411764705882354 0.3898305084745763 0.3431372549019608 0.3831982313927782 0.37145969498910675 0.37877671333824614 0.4531590413943355 0.37214443625644805 0.49455337690631807 0.3728813559322034 0.5174291938997821 0.36551215917464996 0.579520697167756 0.3537214443625645 0.7570806100217865
1 0.6160648489314665 0.7494553376906318 0.6197494473102432 0.7788671023965141 0.6190125276344879 0.826797385620915 0.6226971260132645 0.8366013071895425 0.6308032424465734 0.8398692810457516 0.6359616801768607 0.8322440087145969 0.6330140014738393 0.7679738562091504 0.6226971260132645 0.7516339869281046
1 0.6190125276344879 0.7527233115468409 0.6190125276344879 0.8333333333333334 0.6226971260132645 0.8398692810457516 0.6308032424465734 0.8420479302832244 0.636698599852616 0.8322440087145969 0.6337509211495947 0.7647058823529411 0.6234340456890199 0.7559912854030502 0.6234340456890199 0.7516339869281046
1 0.6462785556374355 0.11546840958605664 0.6455416359616801 0.12091503267973856 0.6809137803979366 0.0860566448801743 0.6823876197494473 0.0784313725490196 0.6742815033161386 0.07298474945533769 0.6595431098010317 0.08496732026143791
1 0.5954310980103169 0.09586056644880174 0.5924834193072955 0.10457516339869281 0.599852616064849 0.11764705882352941 0.6005895357406043 0.1514161220043573 0.5983787767133383 0.1775599128540305 0.6013264554163597 0.19498910675381265 0.5969049373618276 0.21568627450980393 0.5976418570375829 0.26143790849673204 0.6013264554163597 0.2690631808278867 0.5983787767133383 0.28649237472766886 0.6020633750921149 0.3159041394335512 0.599852616064849 0.32788671023965144 0.604274134119381 0.3355119825708061 0.6079587324981577 0.4542483660130719 0.6101694915254238 0.45860566448801743 0.6086956521739131 0.5087145969498911 0.6131171702284451 0.6187363834422658 0.6123802505526897 0.6753812636165577 0.6153279292557111 0.7342047930283224 0.6197494473102432 0.7396514161220044 0.6271186440677966 0.7396514161220044 0.6315401621223287 0.7363834422657952 0.6315401621223287 0.7189542483660131 0.6226971260132645 0.45860566448801743 0.6197494473102432 0.43899782135076254 0.6190125276344879 0.39651416122004357 0.6226971260132645 0.355119825708061 0.6175386882829772 0.3442265795206972 0.6109064112011791 0.20806100217864923 0.6123802505526897 0.18845315904139434 0.6168017686072218 0.18082788671023964 0.6050110537951363 0.09694989106753812 0.606484893146647 0.08823529411764706 0.6337509211495947 0.044662309368191724 0.6403831982313928 0.034858387799564274 0.6440677966101694 0.03812636165577342 0.660280029476787 0 0.6551215917464996 0 0.6462785556374355 0.00980392156862745 0.6433308769344142 0.007625272331154684 0.6330140014738393 0.034858387799564274 0.6182756079587325 0.05337690631808279
1 0.5932203389830508 0.09803921568627451 0.5917464996315401 0.10675381263616558 0.5961680176860722 0.10784313725490197 0.5991156963890936 0.11955337690631808 0.599852616064849 0.16666666666666666 0.5976418570375829 0.1786492374727669 0.599852616064849 0.18845315904139434 0.5939572586588062 0.19934640522875818 0.5939572586588062 0.2167755991285403 0.606484893146647 0.4422657952069717 0.6109064112011791 0.46296296296296297 0.6079587324981577 0.48257080610021785 0.6153279292557111 0.7276688453159041 0.6175386882829772 0.738562091503268 0.6256448047162859 0.7396514161220044 0.6322770817980841 0.7363834422657952 0.6226971260132645 0.43790849673202614 0.6190125276344879 0.39869281045751637 0.6190125276344879 0.3877995642701525 0.6234340456890199 0.3758169934640523 0.6219602063375093 0.37037037037037035 0.6256448047162859 0.3660130718954248 0.6175386882829772 0.340958605664488 0.6160648489314665 0.2581699346405229 0.6123802505526897 0.24509803921568626 0.6123802505526897 0.18518518518518517 0.6094325718496684 0.18191721132897604 0.606484893146647 0.09713180827886711 0.63448784082535 0.044662309368191724 0.6440677966101694 0.0392156862745098 0.6610169491525424 0 0.6543846720707442 0 0.6477523949889462 0.011982570806100218 0.6433308769344142 0.008714596949891068 0.6285924834193073 0.04030501089324619 0.6160648489314665 0.05010893246187364 0.6094325718496684 0.07080610021786492
1 0.9646278555637435 0.6633986928104575 0.9631540162122328 0.6688453159041394 0.9668386145910096 0.6917211328976035 0.9734708916728076 0.7047930283224401 0.976418570375829 0.6938997821350763 0.971997052321297 0.6666666666666666
1 0.9388356669123066 0.45751633986928103 0.9351510685335298 0.45751633986928103 0.9351510685335298 0.46405228758169936 0.94620486366986 0.5206971677559913 0.9498894620486367 0.5708061002178649 0.9543109801031687 0.5893246187363834 0.9535740604274134 0.6056644880174292 0.9594694178334562 0.6132897603485838 0.9638909358879882 0.6045751633986928 0.9572586588061901 0.5501089324618736 0.9491525423728814 0.5130718954248366 0.948415622697126 0.4803921568627451 0.941783345615328 0.47276688453159044
1 0.94620486366986 0.4564270152505447 0.9447310243183493 0.46078431372549017 0.9602063375092115 0.46949891067538124 0.9675755342667649 0.4596949891067538 0.9882092851879145 0.4477124183006536 0.9521002210759028 0.45206971677559915